Date,Confirmed,Cum.,Deaths,Cum.
,,0,,0
1-Feb,1,1,0,0
3-Mar,2,3,0,0
6-Mar,1,4,0,0
9-Mar,1,5,0,0
11-Mar,1,6,0,0
14-Mar,8,14,0,0
15-Mar,3,17,0,0
16-Mar,5,22,0,0
17-Mar,7,29,0,0
18-Mar,12,41,0,0
19-Mar,10,51,0,0
20-Mar,13,64,0,0
21-Mar,13,77,0,0
22-Mar,17,94,0,0
23-Mar,28,122,0,0
24-Mar,25,147,0,0
25-Mar,37,184,1,1
26-Mar,64,248,0,1
27-Mar,68,316,2,3
28-Mar,79,395,1,4
29-Mar,26,421,0,4
30-Mar,36,457,0,4
31-Mar,39,496,3,7
1-Apr,104,600,3,10
2-Apr,56,656,3,13